1979   DJF         992.5995     987.3680     277.0312     -64.2103
1980   DJF         986.9872     982.9208     274.2188     -69.8243
1981   DJF         985.2717     981.9755     261.5625     -68.4208
1982   DJF         993.8400     985.9163     277.7344     -64.2103
1983   DJF         988.4974     982.8384     252.4219     -66.3155
1984   DJF         989.1799     985.5681     258.0469     -65.6138
1985   DJF         984.8223     978.4775     243.2812     -69.1225
1986   DJF         988.0651     982.3107     258.7500     -67.7190
1987   DJF         986.6132     981.8340     261.5625     -68.4208
1988   DJF         982.7322     978.2592     267.1875     -66.3155
1989   DJF         984.9669     980.3515     223.5938     -67.7190
1990   DJF         985.1828     981.0133     206.0156     -71.9295
1991   DJF         993.1094     988.1641     277.7344     -64.2103
1992   DJF         989.5577     985.2062     254.5312     -70.5260
1993   DJF         984.3593     979.4979     253.8281     -68.4208
1994   DJF         984.7463     980.3505     273.5156     -69.1225
1995   DJF         985.8920     979.2034     254.5312     -70.5260
1996   DJF         987.2831     982.1820     271.4062     -67.0173
1997   DJF         989.1163     986.0195     234.8438     -68.4208
1998   DJF         983.2033     975.7094     270.0000     -68.4208
1999   DJF         983.3317     977.2994     272.1094     -69.8243
2000   DJF         990.4238     985.8918     281.2500     -62.1051
2001   DJF         982.9781     975.2275     267.8906     -69.8243
2002   DJF         985.5794     979.9289     268.5938     -66.3155
2003   DJF         990.0947     986.2095     255.2344     -64.2103
2004   DJF         985.9727     982.6794     277.0312     -70.5260
2005   DJF         988.4592     984.5226     226.4062     -67.7190
2006   DJF         986.9468     981.9470     212.3438     -71.9295
2007   DJF         983.0259     978.3284     262.9688     -70.5260
2008   DJF         983.8789     979.4758     274.9219     -68.4208
2009   DJF         988.6450     986.1266     216.5625     -69.1225
2010   DJF         985.4553     980.5453     266.4844     -64.9120
2011   DJF         983.9552     979.0482     206.0156     -74.7364
2012   DJF         987.1385     983.8129     208.8281     -69.1225
2013   DJF         988.8024     983.0430     205.3125     -73.3330
2014   DJF         983.2160     976.9088     230.6250     -71.2278
2015   DJF         984.5912     979.1386     220.0781     -72.6312
2016   DJF         989.0672     985.6420     201.7969     -71.2278
2017   DJF         981.7296     974.1937     260.8594     -66.3155
1979   MAM         982.3831     977.0179     217.9688     -71.9295
1980   MAM         991.0985     984.9652     194.0625     -71.2278
1981   MAM         989.7412     982.3986     212.3438     -70.5260
1982   MAM         982.2101     973.5435     267.8906     -69.8243
1983   MAM         981.1616     971.6599     216.5625     -69.1225
1984   MAM         984.7681     978.6326     205.3125     -73.3330
1985   MAM         984.2950     977.1711     222.8906     -69.8243
1986   MAM         989.2715     984.1047     183.5156     -67.7190
1987   MAM         983.7143     977.2994     253.8281     -67.7190
1988   MAM         983.3878     975.3513     208.1250     -70.5260
1989   MAM         980.8046     974.5329     217.9688     -70.5260
1990   MAM         988.3848     982.7626     182.8125     -64.9120
1991   MAM         989.1307     981.8381     202.5000     -74.0347
1992   MAM         989.7885     982.2809     194.7656     -67.7190
1993   MAM         987.1437     981.0004     215.8594     -73.3330
1994   MAM         987.8689     981.2668     205.3125     -73.3330
1995   MAM         985.3162     979.0669     263.6719     -67.7190
1996   MAM         981.7734     975.8165     241.8750     -67.7190
1997   MAM         986.4023     978.0764     207.4219     -76.1399
1998   MAM         985.1544     977.4305     202.5000     -76.1399
1999   MAM         981.6822     974.7644     238.3594     -71.2278
2000   MAM         984.3737     979.4736     206.0156     -71.9295
2001   MAM         985.1205     979.3644     220.0781     -72.6312
2002   MAM         990.0425     981.2325     196.1719     -69.1225
2003   MAM         983.6122     974.2160     206.7188     -70.5260
2004   MAM         984.7040     978.2918     229.9219     -72.6312
2005   MAM         985.1714     978.9096     211.6406     -73.3330
2006   MAM         983.4067     973.7623     260.8594     -69.1225
2007   MAM         985.4100     980.0719     222.8906     -70.5260
2008   MAM         984.7570     978.9041     223.5938     -71.9295
2009   MAM         984.0540     977.4780     254.5312     -66.3155
2010   MAM         979.6659     973.4581     225.0000     -68.4208
2011   MAM         983.2311     979.9007     210.2344     -71.2278
2012   MAM         982.2344     976.5334     214.4531     -71.2278
2013   MAM         979.6567     974.1781     217.2656     -69.8243
2014   MAM         983.3165     976.3323     246.0938     -70.5260
2015   MAM         984.4083     977.3278     215.8594     -73.3330
2016   MAM         984.9249     976.2343     227.8125     -71.2278
2017   MAM         980.8394     973.1852     229.9219     -68.4208
1979   JJA         981.7266     973.0305     220.0781     -73.3330
1980   JJA         988.9048     980.0114     203.9062     -72.6312
1981   JJA         987.4100     979.6403     237.6562     -71.2278
1982   JJA         986.4515     975.3633     201.7969     -72.6312
1983   JJA         982.7978     975.3225     219.3750     -72.6312
1984   JJA         986.0566     975.4666     206.7188     -74.7364
1985   JJA         984.6919     975.3054     229.9219     -72.6312
1986   JJA         989.3582     979.9872     277.7344     -69.8243
1987   JJA         989.9617     979.8998     196.1719     -72.6312
1988   JJA         986.7788     976.5305     199.6875     -71.9295
1989   JJA         980.8912     972.4651     226.4062     -71.2278
1990   JJA         985.3245     976.1646     258.0469     -71.2278
1991   JJA         988.9553     981.9593     206.0156     -72.6312
1992   JJA         988.6525     982.6118     215.8594     -71.9295
1993   JJA         982.9281     974.6026     202.5000     -76.1399
1994   JJA         988.0189     983.9644     216.5625     -71.2278
1995   JJA         995.7294     989.0036     201.7969     -71.9295
1996   JJA         987.3066     979.1399     202.5000     -74.0347
1997   JJA         988.0649     978.1852     203.9062     -74.7364
1998   JJA         974.5135     967.1835     212.3438     -69.8243
1999   JJA         986.9075     981.1604     208.1250     -70.5260
2000   JJA         986.6496     978.1958     208.8281     -73.3330
2001   JJA         987.3654     980.0524     206.0156     -74.7364
2002   JJA         992.1888     984.7709     201.7969     -74.7364
2003   JJA         983.5938     977.4243     217.9688     -71.9295
2004   JJA         985.8842     975.5812     210.2344     -76.1399
2005   JJA         990.3063     977.7653     200.3906     -74.0347
2006   JJA         986.3059     976.2294     211.6406     -71.2278
2007   JJA         988.8722     981.5485     202.5000     -70.5260
2008   JJA         985.7645     976.3204     211.6406     -74.7364
2009   JJA         989.3162     984.7473     208.8281     -69.1225
2010   JJA         978.5778     967.7820     229.2188     -73.3330
2011   JJA         986.8937     979.2947     210.2344     -69.8243
2012   JJA         984.5994     976.8805     236.2500     -71.2278
2013   JJA         985.9095     979.8535     273.5156     -69.1225
2014   JJA         984.4525     975.1677     208.8281     -74.0347
2015   JJA         983.3658     974.7704     209.5312     -74.0347
2016   JJA         985.1734     979.8138     232.0312     -71.2278
2017   JJA         985.7408     975.5605     204.6094     -76.1399
1979   SON         983.8503     975.6453     206.0156     -74.7364
1980   SON         984.6691     979.5326     251.0156     -70.5260
1981   SON         982.6221     977.9473     206.0156     -72.6312
1982   SON         983.2598     975.9123     215.8594     -73.3330
1983   SON         979.2692     970.6041     203.9062     -74.7364
1984   SON         982.1841     975.4669     202.5000     -74.0347
1985   SON         977.2972     969.3391     206.7188     -74.7364
1986   SON         983.0862     973.0106     207.4219     -75.4382
1987   SON         981.1279     976.0383     264.3750     -70.5260
1988   SON         983.0544     976.5774     232.7344     -69.8243
1989   SON         979.4525     972.1331     241.8750     -70.5260
1990   SON         978.8394     973.9726     251.0156     -70.5260
1991   SON         985.3464     976.8661     206.7188     -74.7364
1992   SON         981.1366     973.9007     239.7656     -71.9295
1993   SON         978.6307     972.9905     247.5000     -70.5260
1994   SON         986.1168     980.0027     203.9062     -71.9295
1995   SON         979.8848     974.1697     251.7188     -70.5260
1996   SON         982.6099     974.5715     270.0000     -68.4208
1997   SON         983.3077     972.1286     204.6094     -69.8243
1998   SON         978.6513     973.6581     232.7344     -69.8243
1999   SON         977.6579     969.5291     206.7188     -74.7364
2000   SON         987.2598     977.5757     204.6094     -73.3330
2001   SON         977.2031     968.0349     234.1406     -71.2278
2002   SON         989.2946     984.5617     196.1719     -71.9295
2003   SON         983.5889     975.1936     197.5781     -74.0347
2004   SON         981.7977     974.9345     222.1875     -72.6312
2005   SON         981.2599     969.6818     226.4062     -71.2278
2006   SON         980.8671     974.1566     202.5000     -72.6312
2007   SON         982.6146     978.1580     232.7344     -70.5260
2008   SON         974.7975     966.1160     243.2812     -69.8243
2009   SON         984.0718     976.0491     202.5000     -73.3330
2010   SON         976.1240     966.0803     251.7188     -69.8243
2011   SON         982.6458     976.2088     214.4531     -69.1225
2012   SON         982.5067     974.9861     198.2812     -71.2278
2013   SON         983.2539     977.3742     246.0938     -70.5260
2014   SON         982.0511     976.2136     211.6406     -73.3330
2015   SON         980.4980     972.6110     201.7969     -72.6312
2016   SON         981.8083     973.1277     253.8281     -71.9295
2017   SON         979.8066     972.1457     243.9844     -71.9295
1979   ANN         983.8403     978.1446     208.8281     -73.3330
1980   ANN         989.0074     984.3924     206.7188     -73.3330
1981   ANN         986.1478     981.0313     212.3438     -71.9295
1982   ANN         985.1296     980.1882     206.0156     -72.6312
1983   ANN         983.5519     977.1909     223.5938     -71.9295
1984   ANN         985.9465     980.1826     208.8281     -74.0347
1985   ANN         982.8787     976.7685     222.1875     -71.9295
1986   ANN         986.9799     981.3884     209.5312     -74.0347
1987   ANN         985.7078     981.7887     216.5625     -71.9295
1988   ANN         985.0380     979.6315     213.7500     -70.5260
1989   ANN         981.3215     975.4247     222.1875     -71.2278
1990   ANN         984.1029     979.6431     225.0000     -70.5260
1991   ANN         988.0345     981.7711     204.6094     -73.3330
1992   ANN         987.3131     982.9393     202.5000     -71.9295
1993   ANN         984.5704     979.1481     215.8594     -73.3330
1994   ANN         986.6475     981.8290     208.1250     -71.9295
1995   ANN         986.0247     981.9199     203.9062     -71.9295
1996   ANN         984.5288     979.3523     253.8281     -69.1225
1997   ANN         987.0494     980.6300     202.5000     -72.6312
1998   ANN         980.9798     976.0538     221.4844     -70.5260
1999   ANN         982.2846     977.1635     213.7500     -73.3330
2000   ANN         986.3829     980.0362     206.0156     -72.6312
2001   ANN         984.0570     978.7057     225.7031     -71.9295
2002   ANN         988.6696     983.0756     198.2812     -71.9295
2003   ANN         984.9419     979.7061     208.1250     -71.9295
2004   ANN         985.4363     979.8014     229.9219     -72.6312
2005   ANN         985.8506     978.5623     209.5312     -73.3330
2006   ANN         984.3392     979.3831     217.9688     -71.9295
2007   ANN         985.4318     979.9776     211.6406     -71.9295
2008   ANN         982.3693     976.5451     220.0781     -72.6312
2009   ANN         985.4512     981.3339     211.6406     -71.9295
2010   ANN         980.7131     974.5452     249.6094     -69.8243
2011   ANN         984.0995     979.3044     213.7500     -69.8243
2012   ANN         984.2534     978.9506     215.8594     -71.9295
2013   ANN         983.9777     979.7094     251.0156     -69.8243
2014   ANN         984.1274     977.8387     215.8594     -73.3330
2015   ANN         983.3186     976.4023     211.6406     -73.3330
2016   ANN         984.2144     977.9082     227.8125     -71.9295
2017   ANN         983.2512     977.8065     209.5312     -73.3330
